[ColorEffects:Disabled]
Color=56,56,56
ColorAmount=-1
ColorEffect=0
ContrastAmount=0.75
ContrastEffect=1
IntensityAmount=0.25
IntensityEffect=2

[ColorEffects:Inactive]
Color=112,111,110
ColorAmount=0.025000000000000001
ColorEffect=2
ContrastAmount=0.10000000000000001
ContrastEffect=2
Enable=false
IntensityAmount=0
IntensityEffect=0

[Colors:Button]
BackgroundAlternate=189,195,199
BackgroundNormal=71,68,68
DecorationFocus=206,103,147
DecorationHover=206,103,147
ForegroundActive=0,0,0
ForegroundInactive=141,141,141
ForegroundLink=41,128,185
ForegroundNegative=218,68,83
ForegroundNeutral=246,116,0
ForegroundNormal=255,255,255
ForegroundPositive=39,174,96
ForegroundVisited=189,195,199

[Colors:Selection]
BackgroundAlternate=29,153,243
BackgroundNormal=206,153,175
DecorationFocus=206,103,147
DecorationHover=206,103,147
ForegroundActive=0,0,0
ForegroundInactive=239,240,241
ForegroundLink=41,128,185
ForegroundNegative=218,68,83
ForegroundNeutral=246,116,0
ForegroundNormal=0,0,0
ForegroundPositive=39,174,96
ForegroundVisited=189,195,199

[Colors:Tooltip]
BackgroundAlternate=77,77,77
BackgroundNormal=251,243,201
DecorationFocus=206,103,147
DecorationHover=206,103,147
ForegroundActive=0,0,0
ForegroundInactive=141,141,141
ForegroundLink=41,128,185
ForegroundNegative=218,68,83
ForegroundNeutral=246,116,0
ForegroundNormal=51,51,51
ForegroundPositive=39,174,96
ForegroundVisited=189,195,199

[Colors:View]
BackgroundAlternate=252,252,252
BackgroundNormal=53,50,50
DecorationFocus=206,103,147
DecorationHover=206,103,147
ForegroundActive=0,0,0
ForegroundInactive=141,141,141
ForegroundLink=41,128,185
ForegroundNegative=218,68,83
ForegroundNeutral=246,116,0
ForegroundNormal=255,255,255
ForegroundPositive=39,174,96
ForegroundVisited=189,195,199

[Colors:Window]
BackgroundAlternate=236,232,226
BackgroundNormal=88,84,84
DecorationFocus=206,103,147
DecorationHover=206,103,147
ForegroundActive=0,0,0
ForegroundInactive=141,141,141
ForegroundLink=41,128,185
ForegroundNegative=218,68,83
ForegroundNeutral=246,116,0
ForegroundNormal=255,255,255
ForegroundPositive=39,174,96
ForegroundVisited=189,195,199

[General]
ColorScheme=PlasmaHedera
Name=PlasmaHedera
shadeSortColumn=false

[KDE]
contrast=10

[WM]
activeBackground=54,54,54
activeBlend=54,54,54
activeForeground=236,232,226
inactiveBackground=100,100,100
inactiveBlend=100,100,100
inactiveForeground=236,232,226
